(listArray ((0, 0), (7, 7)) [0, 129, 58, 13, 24, 60, 71, 67, 129, 0, 142, 15, 135, 75, 82, 54, 58, 142, 0, 118, 122, 103, 49, 97, 13, 15, 118, 0, 116, 12, 18, 91, 24, 135, 122, 116, 0, 129, 53, 40, 60, 75, 103, 12, 129, 0, 15, 99, 71, 82, 49, 18, 53, 15, 0, 70, 67, 54, 97, 91, 40, 99, 70, 0])

-- test input:
(listArray ((0, 0), (2, 2)) [0, 464, 518, 464, 0, 141, 518, 141, 0])
